10 1000 12
10 2000 8
10 3000 11
10 4000 14
10 5000 15
10 6000 18
10 7000 7
10 8000 6
10 9000 9
10 10000 5
20 1000 1
20 2000 3
20 3000 4
20 4000 5
20 5000 5
20 6000 9
20 7000 7
20 8000 26
20 9000 19
20 10000 12
30 1000 1
30 2000 3
30 3000 5
30 4000 8
30 5000 7
30 6000 9
30 7000 13
30 8000 30
30 9000 34
30 10000 23
40 1000 2
40 2000 4
40 3000 7
40 4000 9
40 5000 14
40 6000 14
40 7000 17
40 8000 20
40 9000 36
40 10000 70
50 1000 7
50 2000 13
50 3000 22
50 4000 25
50 5000 15
50 6000 16
50 7000 24
50 8000 21
50 9000 24
50 10000 28
60 1000 3
60 2000 6
60 3000 9
60 4000 12
60 5000 16
60 6000 18
60 7000 23
60 8000 26
60 9000 53
60 10000 76
70 1000 8
70 2000 16
70 3000 24
70 4000 27
70 5000 16
70 6000 20
70 7000 24
70 8000 27
70 9000 31
70 10000 34
80 1000 5
80 2000 9
80 3000 13
80 4000 20
80 5000 23
80 6000 33
80 7000 35
80 8000 41
80 9000 41
80 10000 119
90 1000 14
90 2000 27
90 3000 39
90 4000 52
90 5000 54
90 6000 31
90 7000 34
90 8000 40
90 9000 45
90 10000 48
100 1000 6
100 2000 11
100 3000 15
100 4000 22
100 5000 29
100 6000 32
100 7000 37
100 8000 40
100 9000 47
100 10000 51
