10 1000 4
10 2000 7
10 3000 9
10 4000 7
10 5000 10
10 6000 14
10 7000 14
10 8000 17
10 9000 18
10 10000 19
20 1000 8
20 2000 13
20 3000 23
20 4000 31
20 5000 37
20 6000 45
20 7000 53
20 8000 68
20 9000 68
20 10000 76
30 1000 18
30 2000 32
30 3000 48
30 4000 63
30 5000 87
30 6000 98
30 7000 119
30 8000 126
30 9000 144
30 10000 159
40 1000 27
40 2000 54
40 3000 82
40 4000 110
40 5000 139
40 6000 159
40 7000 193
40 8000 210
40 9000 244
40 10000 268
50 1000 41
50 2000 80
50 3000 124
50 4000 165
50 5000 200
50 6000 240
50 7000 278
50 8000 322
50 9000 350
50 10000 418
60 1000 57
60 2000 114
60 3000 178
60 4000 236
60 5000 280
60 6000 336
60 7000 399
60 8000 453
60 9000 526
60 10000 548
70 1000 78
70 2000 150
70 3000 236
70 4000 327
70 5000 379
70 6000 444
70 7000 509
70 8000 606
70 9000 663
70 10000 718
80 1000 96
80 2000 190
80 3000 279
80 4000 374
80 5000 468
80 6000 570
80 7000 644
80 8000 744
80 9000 835
80 10000 927
90 1000 124
90 2000 249
90 3000 348
90 4000 462
90 5000 572
90 6000 682
90 7000 803
90 8000 910
90 9000 1036
90 10000 1158
100 1000 147
100 2000 293
100 3000 425
100 4000 564
100 5000 697
100 6000 833
100 7000 973
100 8000 1123
100 9000 1273
100 10000 1419
