10 1000 5
10 2000 4
10 3000 6
10 4000 10
10 5000 11
10 6000 13
10 7000 15
10 8000 16
10 9000 5
10 10000 6
20 1000 1
20 2000 2
20 3000 3
20 4000 5
20 5000 6
20 6000 7
20 7000 8
20 8000 11
20 9000 12
20 10000 12
30 1000 1
30 2000 3
30 3000 4
30 4000 7
30 5000 9
30 6000 8
30 7000 10
30 8000 12
30 9000 17
30 10000 16
40 1000 2
40 2000 5
40 3000 7
40 4000 9
40 5000 13
40 6000 14
40 7000 19
40 8000 19
40 9000 23
40 10000 23
50 1000 2
50 2000 5
50 3000 11
50 4000 10
50 5000 13
50 6000 18
50 7000 19
50 8000 21
50 9000 28
50 10000 28
60 1000 4
60 2000 6
60 3000 9
60 4000 12
60 5000 17
60 6000 18
60 7000 22
60 8000 27
60 9000 26
60 10000 35
70 1000 3
70 2000 7
70 3000 10
70 4000 16
70 5000 16
70 6000 21
70 7000 23
70 8000 29
70 9000 30
70 10000 35
80 1000 4
80 2000 13
80 3000 13
80 4000 17
80 5000 26
80 6000 29
80 7000 32
80 8000 38
80 9000 44
80 10000 46
90 1000 6
90 2000 12
90 3000 14
90 4000 21
90 5000 24
90 6000 32
90 7000 33
90 8000 43
90 9000 49
90 10000 50
100 1000 5
100 2000 10
100 3000 18
100 4000 20
100 5000 27
100 6000 31
100 7000 38
100 8000 43
100 9000 48
100 10000 54
